proj:       3
zone:       0
north:      20:41:11.1552N
south:      20:39:06.264N
east:       85:37:01.7112E
west:       85:34:55.6428E
cols:       389
rows:       385
e-w resol:  0:00:00.324083
n-s resol:  0:00:00.324393
format:     -1
compressed: 5
