proj:       3
zone:       0
north:      20:42:14.5908N
south:      20:34:26.184N
east:       85:38:36.5208E
west:       85:32:28.9464E
cols:       568
rows:       724
e-w resol:  0:00:00.647138
n-s resol:  0:00:00.646971
top:        0.500000000000000
bottom:     -0.500000000000000
cols3:      453
rows3:      806
depths:     1
e-w resol3: 0:00:00.811423
n-s resol3: 0:00:00.58115
t-b resol:  1
