proj:       3
zone:       0
north:      20:42:14.5908N
south:      20:34:26.184N
east:       85:38:36.5208E
west:       85:32:28.9464E
cols:       1033
rows:       1317
e-w resol:  0:00:00.355832
n-s resol:  0:00:00.355662
format:     0
compressed: 5
